486
183
742
640
449
907
453
799
208
226
468
571
439
258
508
553
150
825
118
362
779
719
409
650
247
423
702
563
502
120
230
722
985
563
325
772
342
254
116
593
955
113
982
276
128
750
301
286
318
820
955
182
183
123
893
562
537
560
138
321
302
654
175
816
906
331
917
419
456
481
273
893
703
387
659
657
361
594
550
702
441
820
977
521
842
921
302
527
842
347
842
732
868
297
612
874
403
758
977
881
290
208
675
396
891
567
960
369
887
484
437
777
231
923
926
164
888
190
598
541
406
263
372
311
367
990
743
733
548
888
705
708
689
266
389
811
263
406
575
495
919
556
275
837
968
193
311
115
329
493
138
630
185
887
773
849
474
274
600
586
513
532
204
129
376
987
344
638
110
291
307
381
768
991
963
518
125
252
293
659
688
971
299
535
944
714
193
418
708
610
695
459
208
396
374
949
976
163
803
345
902
726
346
895
403
847
786
269
573
939
794
275
459
999
699
489
988
119
675
735
902
513
668
670
112
885
371
675
713
856
631
256
211
931
608
296
509
603
621
222
198
378
547
348
156
401
575
386
932
905
241
245
716
305
373
375
668
372
853
514
456
444
847
128
556
884
203
974
969
291
984
516
258
674
399
407
270
422
631
645
866
594
583
490
511
812
384
695
986
599
605
342
699
226
951
644
815
710
923
128
623
183
675
692
847
311
691
408
852
185
979
517
201
710
457
191
680
331
396
152
410
548
263
848
341
708
653
987
678
516
650
316
321
548
113
283
859
961
992
925
887
565
668
460
332
338
985
988
289
379
229
559
876
274
808
624
537
139
163
478
588
675
838
439
811
307
250
630
337
414
363
232
494
971
538
234
213
487
312
302
285
982
197
710
364
103
242
294
487
973
889
819
338
997
745
334
573
759
986
302
373
223
253
809
514
292
774
615
672
356
908
272
423
727
866
943
433
570
389
237
122
411
337
129
204
811
458
273
847
665
997
983
228
351
227
975
883
580
937
815
871
563
523
785
526
792
776
464
620
575
791
872
597
600
115
405
103
886
437
146
328
142
627
211
170
500
527
998
576
195
144
677
677
704
658
934
983
493
266
732
957
698
139
376
334
377
270
741
568
695
891
124
505
477
311
104
439
237
383
178
809
990
722
365
974
885
250
101
584
677
500
655
989
992
216
559
609
591
729
367
758
669
829
693
550
628
246
623
494
819
135
484
897
378
707
594
385
874
488
975
361
121
323
759
864
194
276
352
986
695
666
736
859
366
124
954
147
687
942
641
257
348
873
606
799
652
343
995
137
959
949
443
344
467
179
303
739
725
241
907
491
849
479
701
720
689
353
627
762
767
810
312
896
879
978
351
834
280
300
673
924
484
746
857
249
425
517
309
560
869
348
637
464
800
423
456
588
710
489
349
759
472
989
512
299
901
791
231
172
701
310
475
695
846
298
524
411
344
915
918
394
741
217
219
891
841
287
948
818
126
584
356
365
189
118
497
982
766
990
620
167
384
167
959
285
154
534
331
362
936
313
319
716
234
898
147
657
602
427
917
400
955
683
302
583
939
361
345
474
378
280
949
312
974
174
845
692
228
972
654
342
513
601
821
809
161
458
930
375
896
260
494
252
592
188
407
400
697
970
346
651
331
805
574
635
832
959
459
364
794
647
541
494
755
452
909
243
983
406
848
995
435
255
238
863
660
330
445
661
628
672
764
737
572
852
313
180
377
188
156
696
316
519
491
593
571
525
174
111
623
753
295
103
685
742
809
875
295
217
342
785
711
220
679
282
997
392
901
971
863
635
306
747
898
843
828
734
377
167
476
988
966
922
871
918
425
533
457
300
819
683
116
671
522
591
924
668
913
161
934
285
917
288
486
987
840
685
388
755
375
848
966
321
894
218
918
767
807
767
161
790
220
355
803
747
189
952
411
409
471
192
838
767
311
389
286
968
559
105
974
127
329
511
787
349
180
432
854
663
357
526
714
457
120
425
835
237
308
519
194
711
329
517
888
897
861
202
546
110
402
569
268
356
859
669
148
157
804
103
991
948
372
976
911
461
872
566
368
640
909
836
803
230
958
567
340
314
624
768
634
688
499
848
417
800
432
120
150
407
661
260
582
508
367
531
922
959
854
176
944
590
742
159
934
293
127
361
109
122
857
649
168
388
582
298
790
245
646
571
203
271
213
293
112
797
408
321
474
130
554
303
884
284
394
210
671
702
412
284
604
832
346
661
596
764
953
270
956
804
206
300
162
259
738
373
242
441
649
158
490
697
618
902
552
987
723
449
979
545
680
512
888
781
384
392
298
935
950
236
938
985
712
297
206
153
221
568
137
266
229
759
567
803
525
355
771
977
809
186
649
435
695
402
958
256
840
850
943
970
675
385
497
334
456
201
468
395
313
856
819
127
545
781
412
773
527
221
214
679
922
646
726
981
990
723
170
778
948
647
205
809
835
468
955
617
728
691
872
246
563
829
153
994
412
812
159
420
318
158
897
362
194
920
887
223
834
179
647
406
455
216
254
334
264
946
432
827
409
914
736
339
876
989
665
813
179
221
404
991
471
819
300
493
544
815
540
793
152
353
257
173
290
331
874
992
315
939
147
140
942
163
244
167
358
876
851
795
240
293
830
494
134
478
241
249
505
570
260
337
499
411
418
366
860
678
646
658
900
159
630
508
435
796
154
378
468
401
316
561
824
938
250
253
966
981
101
289
355
114
293
609
699
435
170
847
804
800
305
150
692
331
394
747
732
915
675
817
557
480
489
157
509
440
352
106
837
366
928
579
697
979
772
183
353
576
901
754
336
288
556
289
272
722
670
886
402
254
254
583
525
177
872
305
274
156
190
490
231
161
863
770
457
590
601
903
190
920
209
101
399
931
824
731
754
727
643
333
741
246
908
980
860
688
518
620
953
571
900
163
778
923
899
608
968
827
939
364
400
794
745
909
801
626
881
432
149
581
796
626
673
625
454
678
168
330
440
526
414
613
606
247
455
452
981
351
270
328
502
148
747
765
190
717
929
639
285
350
190
676
894
975
341
854
200
240
229
767
405
604
441
201
507
716
907
747
267
583
717
296
898
537
906
248
185
694
480
564
776
774
474
973
136
954
478
721
777
299
579
497
599
150
406
750
641
504
660
457
718
580
495
852
682
269
863
530
819
488
745
311
999
983
526
468
919
623
299
125
634
409
344
738
367
627
450
127
321
610
753
705
924
196
254
237
964
883
757
260
687
676
672
402
844
274
879
314
521
781
906
539
998
449
427
425
221
165
402
170
839
656
552
864
204
705
700
699
534
661
448
722
923
143
160
541
818
987
598
346
998
422
348
633
191
473
260
694
298
845
695
237
540
914
173
724
206
404
916
681
102
558
628
453
666
458
1000
353
727
686
692
357
477
286
754
424
405
233
672
704
760
142
902
577
202
417
540
405
361
827
132
783
427
265
576
621
432
177
668
754
227
294
220
952
664
755
709
534
743
511
102
259
976
703
871
884
492
847
188
650
218
351
591
627
735
320
266
894
781
654
615
132
338
940
197
867
624
996
207
168
746
719
863
129
639
423
931
721
452
346
993
256
930
311
586
697
651
424
559
923
901
573
710
638
447
956
190
258
709
515
640
499
194
679
723
869
301
377
522
378
978
159
219
532
147
672
819
810
242
515
529
469
859
872
721
334
801
123
352
183
898
158
375
587
665
261
536
771
243
267
337
835
749
810
340
991
582
698
318
276
116
129
642
833
797
927
892
119
902
106
165
904
142
457
641
742
811
523
350
291
501
435
505
977
210
784
603
840
849
390
888
333
188
748
178
520
442
300
524
684
621
323
951
583
219
112
351
421
938
984
335
557
301
706
571
469
567
845
891
649
605
170
958
223
427
145
364
523
655
699
644
227
734
779
996
495
295
681
324
595
897
761
931
142
305
558
310
714
948
678
695
338
778
771
222
657
234
183
881
892
116
866
355
364
614
975
204
548
248
718
317
307
354
409
655
862
254
819
257
641
946
326
123
438
780
841
985
631
802
436
643
409
673
812
952
187
369
689
102
872
489
183
640
317
568
783
304
415
346
815
852
694
287
293
703
804
696
670
684
232
284
201
916
243
160
100
724
362
872
727
841
255
131
654
211
544
678
574
609
397
938
479
539
412
369
143
708
388
147
470
532
853
430
273
676
354
954
128
530
292
716
763
811
679
304
943
949
979
978
709
138
767
392
691
221
207
890
902
156
705
327
415
663
350
606
987
737
985
456
549
672
442
825
135
109
902
237
165
655
547
857
478
634
847
732
157
954
891
822
387
831
400
340
876
387
888
243
618
600
826
214
144
535
240
251
821
595
984
648
742
352
720
798
602
316
220
186
240
832
305
995
825
837
933
798
186
176
335
517
891
948
939
397
616
723
225
969
492
254
203
524
447
442
755
169
730
935
241
791
254
886
668
721
825
685
489
205
986
474
597
538
893
194
698
655
428
820
742
955
581
961
227
450
524
612
766
218
226
725
683
234
886
895
406
210
743
317
446
619
684
420
371
506
876
801
813
547
436
256
493
500
629
784
411
156
702
580
472
875
559
676
552
154
321
632
293
997
527
342
449
815
389
973
575
336
200
189
720
493
336
745
472
465
785
157
921
535
635
644
142
393
158
769
784
860
234
781
879
872
128
105
102
523
145
531
150
373
622
592
160
446
718
131
985
675
753
515
250
857
714
259
306
350
196
953
714
402
147
189
815
563
775
160
323
987
163
954
673
942
740
658
527
959
522
514
545
891
880
131
721
341
846
105
318
716
585
519
759
358
605
783
151
336
511
199
848
372
437
825
662
469
759
195
647
415
232
924
828
197
752
713
257
388
111
487
415
433
361
106
625
118
909
351
833
713
318
604
450
437
208
805
976
101
627
207
574
152
622
347
709
707
430
294
412
749
787
713
926
382
936
301
145
540
217
177
981
848
224
180
605
252
708
683
516
915
349
430
672
878
522
180
690
928
942
134
732
345
446
721
806
736
617
775
446
541
513
774
958
401
401
142
765
622
834
530
257
347
659
372
533
412
201
838
544
272
443
489
326
228
662
891
149
305
608
905
985
800
816
563
226
717
820
819
324
142
360
833
668
343
754
972
447
291
982
849
700
375
242
595
138
251
203
298
935
690
321
441
406
800
828
571
205
806
419
659
665
792
734
750
116
392
903
929
314
807
643
102
112
145
328
107
351
728
920
729
620
713
801
831
191
384
159
138
967
673
104
393
737
410
670
497
172
113
525
297
982
996
855
434
715
241
267
917
272
470
221
464
660
723
583
263
516
376
929
142
681
635
105
540
849
560
703
779
665
335
325
668
215
828
755
187
282
197
842
221
905
956
100
501
659
718
301
990
751
432
599
373
320
893
667
850
403
984
103
707
190
800
886
331
266
644
478
660
570
401
243
447
253
306
818
619
664
821
439
607
324
172
583
510
106
505
988
219
274
801
568
390
311
269
805
377
847
312
131
144
637
280
619
123
520
685
862
213
846
429
425
648
217
803
927
942
481
835
587
507
755
202
636
260
757
316
741
831
964
229
408
412
369
101
479
530
283
639
250
894
719
957
865
869
700
673
756
831
362
102
769
550
555
834
550
528
769
355
819
954
354
182
129
780
463
418
291
282
867
412
783
308
176
516
412
304
929
599
643
151
434
575
890
751
533
781
873
744
127
523
109
345
951
309
780
844
101
549
808
666
132
674
777
559
453
819
827
492
332
846
308
580
196
769
395
594
150
430
292
174
284
205
375
865
842
488
188
875
173
794
621
228
920
238
320
185
644
673
763
564
966
897
832
720
744
165
376
816
668
548
155
682
699
427
343
801
682
482
522
278
837
265
229
986
970
639
230
412
995
511
562
622
923
560
749
833
215
862
290
189
202
930
651
621
485
196
623
282
681
723
874
352
367
307
527
701
537
166
908
244
256
969
525
223
729
143
675
698
159
331
896
729
866
699
390
147
130
606
415
441
327
114
493
380
691
542
611
762
587
340
276
820
445
132
631
660
827
606
744
463
774
702
592
597
110
654
764
797
197
355
855
677
511
322
700
992
355
134
147
300
607
175
967
535
999
791
467
185
189
893
211
948
546
713
812
670
188
812
588
467
502
459
148
743
109
352
765
424
925
703
463
910
505
739
672
512
255
985
733
648
727
351
546
264
932
865
945
872
426
421
364
355
160
161
220
906
314
637
807
811
562
153
261
445
441
160
693
325
778
317
161
140
867
400
558
642
664
820
670
639
233
473
468
874
743
432
496
123
422
633
412
318
422
591
640
308
233
546
836
1000
381
816
702
793
174
400
449
474
669
713
442
145
142
585
417
756
858
531
295
776
550
564
525
487
306
663
883
185
162
393
174
376
684
344
370
963
937
530
375
517
337
328
672
680
607
581
678
656
213
355
980
380
836
174
879
775
674
365
393
150
928
441
212
724
498
251
717
792
111
302
832
676
885
463
791
684
500
470
195
658
746
481
899
133
421
995
139
233
144
655
210
672
402
212
241
295
183
273
566
891
226
452
684
489
516
860
294
621
303
546
254
437
496
337
767
863
193
227
855
412
236
605
298
186
725
476
344
612
580
545
255
595
539
986
741
225
245
126
897
582
845
773
118
692
890
405
197
669
824
526
671
262
600
516
915
446
854
339
695
294
498
741
757
463
643
461
808
877
153
716
134
276
619
325
358
500
374
895
858
102
597
110
989
392
701
804
214
978
370
142
914
499
422
575
390
118
360
264
326
792
700
270
864
939
930
662
738
768
771
187
792
415
531
990
200
547
766
501
619
253
119
257
487
626
961
175
979
333
485
320
411
547
847
982
740
158
562
231
114
1000
656
394
729
143
446
559
689
488
226
419
258
584
272
710
644
210
501
843
651
129
919
116
371
778
941
574
782
199
257
674
746
475
628
258
709
793
445
188
511
979
315
462
220
829
311
828
239
334
446
380
628
596
326
444
831
244
644
748
123
958
549
299
825
387
839
817
589
777
901
983
930
674
264
323
790
361
916
491
472
901
723
620
433
819
912
322
859
971
820
793
924
162
628
118
434
416
875
790
423
837
325
456
214
862
159
568
536
674
295
501
825
311
939
600
657
843
533
418
827
947
520
827
436
304
712
478
817
631
252
315
522
439
980
921
131
497
367
954
417
426
149
113
364
949
555
893
540
883
559
461
164
686
799
140
434
411
423
499
543
721
215
610
775
693
146
445
712
458
781
961
562
730
568
867
231
217
146
996
134
285
491
497
946
971
519
463
915
440
238
193
315
164
301
911
716
474
119
166
387
361
974
681
210
386
655
108
869
908
492
967
225
772
173
779
476
629
435
697
315
659
393
298
535
917
472
597
951
970
633
134
583
289
492
668
762
541
151
806
169
399
535
548
557
326
499
111
826
241
732
936
244
702
554
737
942
977
484
925
609
486
955
687
811
815
159
173
991
683
648
148
560
396
876
394
228
744
882
223
101
849
672
747
672
898
372
714
239
686
283
855
551
690
248
626
640
403
247
949
566
381
293
758
884
421
896
311
478
755
692
728
587
484
121
230
706
697
391
416
698
917
819
841
976
417
200
856
950
225
249
776
911
382
201
572
946
386
233
582
870
128
633
699
573
712
959
356
869
341
776
921
254
994
491
746
619
932
886
860
733
701
836
692
968
814
982
900
610
668
546
219
859
988
566
830
333
250
835
714
870
713
136
942
950
566
691
378
474
796
264
746
584
732
926
647
745
689
262
578
466
835
458
507
627
404
584
903
614
603
351
684
268
434
375
947
430
689
749
448
970
968
213
602
757
889
144
577
204
184
285
278
217
166
531
525
173
525
176
280
567
131
575
315
733
109
813
855
217
340
962
910
993
301
375
1000
335
222
449
295
157
902
460
114
908
518
179
573
355
519
251
978
269
445
899
429
142
455
635
296
186
948
564
931
662
879
930
109
934
974
740
128
779
675
417
592
866
168
145
287
246
150
492
145
274
188
452
689
437
154
178
703
594
769
665
684
873
661
267
304
463
429
759
176
904
316
498
977
284
932
970
514
944
236
457
558
996
448
287
224
442
311
512
940
525
395
108
490
271
864
318
641
955
829
177
713
144
391
698
240
618
545
993
225
649
383
429
170
479
836
413
624
359
431
204
430
336
100
482
718
459
115
638
952
620
464
739
179
281
813
554
275
285
979
285
124
932
562
426
595
170
126
661
263
386
352
217
248
963
889
717
423
483
418
651
994
842
126
401
596
382
197
676
674
908
717
912
850
259
355
155
671
628
176
958
883
434
947
607
718
392
882
959
897
702
521
589
930
804
403
704
958
837
935
545
971
109
947
296
396
126
837
311
723
593
103
368
368
665
344
472
141
624
641
348
650
106
902
229
673
841
224
809
658
702
776
796
689
264
607
612
822
119
778
343
406
550
190
504
612
235
164
898
757
536
443
677
123
780
658
100
718
651
550
769
940
786
901
847
519
622
789
334
699
717
109
260
326
542
203
567
146
265
333
922
342
536
694
390
566
452
297
213
404
118
379
255
399
683
973
784
464
816
859
655
979
696
357
517
995
217
867
277
568
349
924
532
286
494
683
651
454
533
748
725
774
416
234
160
791
613
374
940
735
300
199
217
193
738
214
123
645
803
292
918
494
274
353
875
456
220
610
266
661
691
332
283
626
976
840
874
550
887
183
459
309
819
893
668
901
715
190
427
520
596
572
674
802
189
617
569
920
725
337
126
249
227
998
436
953
906
683
312
526
844
914
240
422
319
437
216
545
823
495
926
240
673
706
374
645
553
754
269
794
570
279
637
129
440
358
261
929
827
810
260
923
572
519
628
222
590
511
475
803
855
144
760
770
586
667
567
396
958
446
346
853
174
532
908
893
773
569
504
407
827
348
794
120
453
498
941
443
992
875
275
503
589
293
370
253
897
980
487
684
256
212
279
343
821
138
354
387
164
717
909
539
472
169
463
136
384
629
113
285
657
251
531
197
615
715
536
870
440
603
690
765
293
615
158
595
762
482
496
208
508
796
218
459
204
830
999
590
534
433
867
722
560
335
157
213
355
476
331
761
327
714
780
565
367
958
231
170
793
654
763
758
792
725
631
239
759
645
496
732
138
427
159
581
157
613
519
388
701
409
281
206
773
241
605
799
190
509
488
104
618
929
418
701
676
796
887
269
341
595
879
521
119
576
104
492
805
134
944
316
452
598
939
835
409
954
720
147
1000
933
942
544
869
558
715
763
194
779
831
362
184
787
522
290
838
442
554
725
113
986
793
702
911
475
624
510
980
797
830
501
911
157
940
101
264
943
324
588
910
392
462
522
356
392
256
280
645
473
526
652
793
381
388
558
108
710
131
283
505
296
550
705
160
862
773
879
600
140
568
458
495
691
544
191
902
910
474
756
465
473
625
446
358
470
343
410
599
154
869
585
889
249
966
342
450
975
487
344
338
648
939
936
803
221
512
158
677
619
956
720
877
828
888
994
998
864
207
780
504
168
600
464
733
307
206
979
230
360
815
804
983
455
574
686
454
480
730
774
564
480
351
626
662
340
376
259
490
112
529
102
192
125
522
823
863
219
225
454
119
270
356
573
537
922
526
461
474
398
960
225
905
888
553
992
397
475
504
921
633
610
228
662
269
215
156
983
677
960
711
419
658
198
453
977
193
630
649
358
149
923
440
618
432
287
934
326
556
343
234
454
979
808
556
330
272
989
334
521
885
164
559
688
528
723
205
277
691
780
597
184
816
773
781
108
341
279
265
283
639
199
248
984
271
852
710
462
830
412
976
258
302
983
1000
471
727
909
537
698
387
183
592
356
597
226
490
634
983
968
789
143
292
558
139
797
122
422
644
898
265
948
855
471
659
831
473
549
356
343
854
704
633
170
527
754
693
342
912
775
825
987
922
605
440
974
598
377
175
817
741
312
261
284
546
608
659
511
227
594
982
297
293
417
761
941
352
367
681
519
534
908
290
476
717
954
569
613
332
651
751
997
267
217
705
722
876
131
508
506
186
697
520
815
458
521
379
620
221
101
356
934
704
839
354
640
383
567
586
192
750
910
813
777
151
854
296
273
658
890
962
223
272
934
323
581
978
805
897
269
123
809
535
768
125
556
888
241
315
710
246
955
109
577
741
387
550
636
337
605
473
482
598
908
137
506
120
991
298
534
346
486
375
657
754
446
259
614
812
351
417
460
894
459
328
257
277
879
170
150
650
303
506
408
482
199
811
412
381
142
658
302
101
946
236
419
600
311
484
811
221
508
141
247
814
336
579
281
444
427
991
930
802
605
897
881
722
196
180
890
953
587
573
858
333
492
103
741
227
816
907
856
530
377
202
313
158
840
526
737
191
760
182
894
249
471
481
707
608
679
790
125
866
675
997
777
872
327
159
118
261
488
560
105
366
685
745
487
694
357
316
813
607
624
867
381
296
761
774
222
275
904
726
607
990
135
452
514
989
228
679
662
166
729
252
745
883
631
192
670
679
343
257
682
796
562
150
585
566
702
127
371
519
897
463
432
251
227
200
746
637
845
455
115
285
556
706
188
448
389
346
418
847
532
499
163
885
551
285
228
836
139
784
184
828
722
353
267
976
687
675
720
664
851
458
274
412
432
127
212
953
390
880
748
170
453
748
388
411
483
468
939
696
676
618
670
571
501
268
574
909
276
631
640
250
665
274
560
898
233
301
754
391
602
100
966
890
275
692
502
260
134
779
995
104
893
551
402
259
821
309
234
119
746
187
762
421
209
351
689
777
498
929
996
817
204
702
892
299
903
412
644
680
333
368
853
506
618
296
976
718
534
716
762
157
756
238
884
925
742
912
443
249
787
682
225
291
697
567
445
628
123
978
872
467
173
208
427
412
385
129
488
781
901
500
685
678
804
833
551
590
825
467
687
114
578
138
704
651
494
501
444
306
354
174
839
911
915
531
450
206
835
122
651
700
487
280
662
172
921
896
522
874
815
720
993
137
880
200
516
641
136
114
311
667
442
776
644
604
588
771
757
790
623
472
714
644
750
251
113
644
306
106
378
226
674
113
599
372
835
206
565
105
556
634
627
344
224
286
596
317
416
310
940
612
385
305
844
627
763
132
784
683
660
353
776
855
104
874
111
441
939
828
928
183
650
284
610
789
254
738
612
845
167
349
607
300
770
797
615
381
523
600
586
961
106
925
828
334
202
458
538
561
960
285
418
559
897
887
564
876
777
444
574
640
153
236
231
313
125
933
955
939
144
910
910
389
348
340
396
596
561
514
590
755
685
493
651
346
719
799
221
578
560
367
982
390
386
559
291
569
661
460
625
620
774
223
197
745
687
898
957
235
998
938
532
749
604
228
957
269
712
130
733
576
930
176
318
127
398
368
482
298
469
727
802
517
533
327
209
996
104
865
323
655
577
945
917
236
138
248
122
698
472
743
516
733
226
528
629
329
558
751
197
251
420
236
470
457
869
385
326
282
253
314
379
595
405
941
482
108
328
723
222
309
217
410
315
425
659
421
670
753
596
663
223
980
137
303
753
796
379
309
180
160
977
324
753
350
814
650
652
232
233
338
428
779
928
675
812
759
438
161
631
443
346
546
840
408
121
591
257
712
230
126
265
206
183
620
121
222
275
621
298
676
444
528
881
157
213
818
280
835
948
248
577
670
803
756
998
450
654
834
514
446
550
696
481
118
305
742
143
675
404
919
456
293
550
727
387
271
724
410
746
849
433
262
228
546
514
163
673
710
649
522
299
607
387
376
656
436
259
116
325
999
839
349
408
798
783
368
814
761
980
224
196
691
154
659
906
519
409
310
527
614
442
924
126
324
150
218
562
262
337
657
664
748
307
678
568
222
392
599
908
876
612
270
217
665
321
951
837
720
346
158
696
487
589
495
855
281
772
437
912
802
756
878
799
937
518
563
348
107
854
433
995
405
874
757
110
367
695
236
710
144
725
357
646
357
121
777
932
615
665
324
594
547
866
790
696
916
408
146
810
335
247
723
162
243
315
126
423
524
627
329
753
747
217
331
336
659
513
395
315
523
976
281
491
878
910
119
517
975
687
781
203
518
707
338
774
133
931
156
887
443
282
378
633
220
491
929
169
798
259
113
594
165
901
412
861
715
436
283
766
391
432
114
584
927
464
284
890
209
945
986
729
319
972
867
483
172
354
638
880
280
620
756
233
491
468
983
724
202
350
498
397
179
844
948
656
584
733
989
806
487
695
432
438
637
472
203
945
161
153
217
500
830
255
324
829
497
326
665
400
612
539
942
968
783
507
801
683
503
389
595
863
893
637
606
133
259
590
340
720
815
917
695
621
711
716
630
581
942
528
286
138
305
224
312
151
162
815
914
518
488
403
494
540
384
177
738
949
740
845
592
450
419
264
632
913
983
990
130
762
310
628
678
818
563
425
880
737
443
164
981
409
128
700
600
947
929
814
503
191
445
373
377
257
454
877
948
114
128
449
817
211
761
841
152
235
351
842
105
407
825
174
557
489
776
434
190
164
590
601
535
734
811
750
853
463
981
150
935
156
420
498
672
908
324
668
505
852
469
775
965
562
394
604
734
320
460
565
650
784
590
830
294
255
287
687
864
367
970
141
390
378
621
650
563
531
577
935
547
120
866
450
909
399
604
318
992
783
919
935
316
468
540
298
213
209
201
614
808
969
841
501
133
400
170
355
476
338
586
910
991
520
549
692
488
920
619
581
699
319
391
656
319
501
760
772
700
206
448
236
127
902
797
920
210
562
853
201
930
981
234
139
312
524
213
678
580
291
530
772
162
205
174
271
989
336
645
349
826
252
681
178
892
481
170
367
671
422
587
167
300
774
125
370
167
510
946
587
689
832
321
793
936
457
491
370
991
164
319
597
535
841
697
525
364
508
757
557
438
508
840
617
623
513
654
194
179
485
166
395
880
368
699
752
415
866
997
549
317
165
366
718
859
277
735
217
663
676
759
236
233
546
884
461
675
107
347
949
151
347
201
962
865
297
245
429
570
289
332
157
691
986
653
320
518
393
405
853
904
953
773
169
655
653
913
291
342
499
851
511
837
399
706
312
648
758
319
185
226
792
980
969
640
265
122
301
592
943
232
334
976
625
491
283
632
361
519
149
727
239
912
177
792
994
829
387
388
840
486
659
482
496
692
559
697
125
938
311
171
947
521
846
655
819
419
610
357
421
852
514
692
695
836
233
355
521
344
968
488
509
360
644
868
298
677
187
648
737
447
206
377
685
544
153
540
501
951
459
212
560
119
235
250
759
186
695
101
761
267
521
354
781
546
890
215
550
280
380
125
527
821
592
731
420
619
875
401
569
255
269
164
515
846
346
835
381
539
990
339
771
641
831
547
645
671
687
433
445
304
728
300
101
695
604
787
551
455
147
118
866
762
293
862
962
590
700
750
283
605
553
464
820
855
523
763
284
592
971
776
585
351
610
491
989
452
125
342
178
763
425
115
164
151
903
117
965
522
953
677
567
493
897
887
514
127
165
611
543
983
628
826
365
629
370
452
530
578
627
145
677
795
440
706
178
178
182
934
988
541
826
566
140
846
659
503
778
692
657
651
726
171
761
223
171
326
286
406
809
218
511
438
805
547
911
208
157
509
860
752
528
724
358
986
146
988
276
849
101
609
446
426
612
124
180
513
683
533
340
279
854
654
999
286
423
182
570
262
554
670
130
932
506
886
869
976
799
516
451
621
748
618
861
607
183
658
770
255
913
951
785
427
443
842
375
454
467
428
524
714
599
812
629
749
282
105
113
649
171
515
646
776
297
950
848
655
430
844
675
194
242
676
866
948
559
659
491
109
297
642
845
541
133
127
102
989
461
459
222
351
678
244
842
610
801
241
510
413
770
205
511
391
199
965
862
306
627
900
221
278
904
902
226
617
204
568
542
793
128
904
544
694
860
365
553
874
797
889
896
865
552
349
147
635
565
890
350
857
111
368
622
782
695
890
539
256
559
185
375
744
304
356
314
904
396
919
887
643
586
150
692
380
391
664
156
993
146
393
922
295
286
298
483
941
961
322
190
789
685
644
484
533
737
688
409
359
787
625
895
976
129
717
116
136
995
450
876
569
893
648
849
256
808
626
465
509
336
447
138
641
996
712
861
765
217
251
517
978
701
579
126
396
385
848
212
693
645
361
145
348
896
354
433
419
799
633
321
845
779
808
848
465
458
610
540
791
963
477
652
602
575
814
652
148
988
267
147
564
889
284
781
375
458
466
893
908
693
493
118
477
133
510
927
383
869
807
982
552
863
372
674
837
762
862
814
271
731
891
593
779
459
867
632
841
840
815
454
453
292
335
387
641
341
761
891
742
826
400
862
138
176
455
794
106
910
448
912
757
460
176
768
884
590
918
316
973
264
955
736
792
120
890
912
330
322
990
994
805
229
984
128
453
509
236
177
939
564
605
473
882
255
955
562
960
929
935
223
629
976
271
883
237
385
158
245
892
918
558
405
312
127
626
552
279
269
456
649
837
500
180
101
210
791
915
129
141
354
653
919
583
240
392
694
765
101
782
450
369
535
330
750
697
554
386
360
423
983
537
265
843
151
156
849
905
239
982
705
114
848
858
900
733
280
830
980
602
824
682
857
336
163
719
278
109
407
680
218
703
646
819
927
684
400
224
782
616
823
794
825
878
719
373
892
334
423
794
345
246
307
542
749
857
483
447
703
829
617
585
338
713
472
682
913
196
199
251
172
546
331
463
864
588
729
325
453
389
108
248
262
943
698
336
117
407
838
581
532
376
341
221
839
312
130
248
330
242
620
383
174
210
773
341
552
451
269
350
332
749
710
568
675
576
465
810
157
409
644
461
922
787
531
188
368
870
735
614
746
908
873
108
830
357
546
836
407
641
597
330
243
794
532
469
295
917
203
844
202
791
986
795
898
179
273
857
992
806
284
427
421
819
494
203
434
733
371
400
447
983
533
989
461
646
211
983
669
283
261
365
687
289
403
261
140
655
974
983
968
216
558
780
785
526
232
237
756
768
368
243
801
467
701
976
933
907
875
969
932
155
618
417
538
942
828
379
661
361
618
517
451
255
702
213
929
429
313
532
947
488
694
741
796
221
371
156
472
373
579
642
384
760
870
247
175
428
469
166
838
200
750
995
508
841
180
246
852
501
628
606
641
664
201
948
484
497
633
810
701
443
627
660
211
368
428
698
304
773
229
644
717
856
334
444
853
350
891
846
590
883
774
474
593
533
549
727
368
453
139
163
525
925
397
552
620
506
393
626
570
462
776
713
274
817
470
804
249
682
846
524
640
784
962
508
962
826
229
724
771
259
217
815
749
386
976
284
568
799
256
153
438
177
505
808
751
351
532
846
942
850
496
151
951
823
989
623
803
200
541
540
653
446
676
208
133
839
193
975
428
917
363
869
845
280
827
531
517
725
886
557
630
174
318
945
400
855
885
428
621
569
822
868
977
308
484
302
321
341
926
930
968
862
234
331
365
831
960
824
146
597
305
645
583
518
249
718
408
458
367
836
842
156
970
734
599
859
332
603
839
769
950
297
253
935
724
623
161
324
619
509
555
528
532
425
687
126
800
161
357
407
343
616
143
128
420
611
332
153
493
490
663
470
1000
462
368
855
846
450
104
780
501
769
806
122
935
539
850
871
571
523
599
113
470
321
468
623
983
324
693
460
194
314
440
103
177
565
581
678
756
227
572
276
183
719
456
948
736
275
615
667
682
966
493
989
744
314
234
519
853
664
998
101
882
525
465
169
665
439
940
701
834
420
242
560
309
418
680
728
974
725
938
332
778
724
677
993
583
421
515
225
710
437
826
531
590
732
241
346
594
198
716
666
536
785
529
517
994
685
209
364
812
825
574
728
346
848
950
192
830
460
958
231
712
440
242
324
794
964
912
687
862
279
508
842
662
387
109
896
173
243
832
730
356
853
913
260
811
571
951
937
214
895
816
989
324
283
645
163
986
657
486
585
643
984
876
515
255
774
738
962
581
217
179
937
541
900
372
601
459
168
384
642
194
462
741
497
528
566
614
610
432
223
754
513
815
769
842
475
510
555
698
938
653
585
457
850
185
582
110
474
916
298
907
823
349
689
704
725
509
886
714
911
838
189
145
217
599
335
740
483
635
573
288
108
188
790
474
551
762
954
644
345
718
578
576
423
576
109
391
276
689
924
114
784
574
383
865
816
590
220
461
243
246
715
356
645
113
512
375
239
788
685
746
867
756
660
267
315
952
514
541
196
955
204
100
682
767
302
397
618
657
910
321
204
192
479
782
936
119
438
575
593
187
212
967
463
198
889
731
500
170
297
593
950
207
896
798
615
438
670
825
817
813
708
417
438
679
358
828
110
628
642
308
640
891
888
730
216
918
327
196
688
410
468
730
828
499
109
766
758
785
408
794
361
972
342
114
813
271
933
418
119
735
665
164
171
442
484
342
703
904
906
363
875
410
862
996
205
807
670
131
830
204
657
826
907
571
207
874
549
890
352
495
964
451
551
314
130
371
524
841
359
734
915
333
276
205
792
365
288
391
283
497
655
157
153
992
615
441
140
504
302
324
773
487
176
453
268
775
928
754
627
425
538
155
961
717
570
893
584
364
948
713
822
397
524
184
643
819
331
653
202
556
579
618
669
109
149
770
523
450
766
313
586
338
348
757
174
999
523
819
962
822
857
547
447
160
256
545
484
476
672
178
335
149
710
539
274
246
273
772
282
184
737
711
569
555
475
513
568
526
981
868
102
483
734
781
857
676
970
773
298
305
645
810
110
724
263
922
294
498
195
503
330
423
312
622
552
354
805
794
648
968
471
549
477
389
173
792
812
352
248
369
993
438
866
723
483
517
522
741
842
382
631
810
460
989
880
303
175
439
288
274
388
626
375
942
447
688
160
689
437
275
569
475
254
721
864
843
778
695
628
858
542
270
646
868
216
829
336
860
761
230
996
771
662
279
865
685
929
786
605
503
100
384
654
543
243
291
432
316
831
432
758
510
162
800
361
972
637
336
837
697
929
315
213
396
947
927
393
425
707
257
855
437
395
522
906
604
313
548
216
593
726
192
914
912
373
919
186
675
110
543
201
279
384
430
676
983
501
688
722
995
607
513
873
278
661
163
516
630
723
889
174
693
530
411
160
473
724
816
281
945
316
530
984
445
415
178
124
642
546
887
442
955
859
657
292
216
146
510
719
152
416
832
446
870
931
748
799
716
180
642
199
361
779
646
727
915
110
885
151
498
258
340
303
219
294
705
605
223
170
731
600
873
174
527
541
334
957
407
248
471
712
167
427
618
466
203
545
738
652
415
575
403
432
166
945
398
276
844
665
985
130
604
501
386
173
883
671
457
927
415
488
155
469
250
855
952
947
730
637
720
538
780
500
864
130
203
505
412
693
887
961
160
931
488
449
709
698
816
445
527
384
269
157
146
780
649
872
359
551
824
837
928
947
517
518
747
766
408
846
479
266
283
277
784
947
336
595
158
668
461
458
138
153
921
653
339
729
555
825
392
842
330
211
879
687
569
249
624
524
238
397
121
482
681
728
527
847
195
672
661
959
351
935
411
356
256
112
894
734
728
166
459
689
533
151
570
629
547
830
260
594
138
171
732
498
743
235
740
223
564
284
638
693
866
581
712
311
308
114
154
439
754
156
983
342
333
245
110
344
534
979
585
241
319
664
922
511
636
832
934
590
335
665
854
595
873
999
499
996
172
447
404
597
492
179
696
801
115
564
305
278
685
877
751
769
207
443
741
423
368
220
861
432
914
596
388
111
390
516
289
590
534
298
312
470
959
507
579
262
575
318
490
219
116
785
201
578
974
187
951
183
987
113
518
614
561
810
987
763
753
505
850
805
216
194
653
575
598
446
779
146
747
449
450
596
807
308
884
285
230
131
162
872
590
857
884
163
419
852
702
150
701
750
501
374
167
536
737
688
429
795
534
616
382
295
120
908
452
761
287
720
704
871
461
372
710
403
763
983
685
715
707
840
536
749
429
879
421
854
986
694
310
365
373
167
213
678
651
467
999
122
980
998
781
797
932
758
811
409
454
264
880
507
798
733
585
507
966
554
431
801
824
460
544
821
208
465
682
676
121
520
290
935
124
262
594
133
261
997
713
524
174
875
522
214
732
534
241
159
325
237
873
917
371
904
540
451
165
892
794
928
658
217
688
280
860
118
860
160
967
416
664
517
287
793
512
763
411
764
100
541
222
592
498
171
879
889
467
948
490
299
137
307
354
881
619
497
744
514
368
725
995
381
806
386
842
149
267
617
605
234
517
776
575
624
868
906
859
894
195
462
121
220
601
505
495
478
146
547
629
617
914
371
893
310
752
768
908
643
595
953
513
173
868
576
451
693
949
216
363
114
268
738
983
354
428
695
997
220
678
224
458
577
276
840
939
384
436
453
230
858
466
193
290
700
468
137
974
621
739
948
204
784
570
837
828
651
348
441
874
500
390
232
692
779
709
746
649
590
565
901
752
395
670
627
419
171
552
552
415
754
858
668
419
136
106
194
901
522
544
152
982
603
405
866
785
753
817
134
373
402
634
931
414
603
591
303
114
864
842
576
875
767
924
833
121
449
518
375
482
873
347
303
480
858
700
436
285
357
318
566
266
299
542
544
852
993
778
604
589
168
535
289
585
528
972
503
563
694
403
637
511
960
880
795
201
809
341
676
222
168
103
691
208
440
732
549
263
615
112
930
582
716
301
682
506
973
173
140
495
505
176
894
607
379
359
193
834
222
427
665
276
559
434
216
543
265
136
164
724
401
869
187
427
903
647
659
910
235
121
611
987
903
911
618
445
533
184
483
287
710
946
892
493
826
606
698
427
860
223
445
169
217
252
444
313
253
869
789
562
511
799
476
762
335
141
520
903
646
521
210
498
729
813
591
699
445
915
591
633
969
974
747
884
411
212
973
779
788
673
465
553
825
955
662
876
264
733
979
564
572
829
584
533
949
667
747
264
113
213
357
406
200
645
211
455
828
230
244
214
584
295
362
143
847
395
870
500
476
858
108
837
839
355
236
246
684
415
285
228
254
900
383
772
265
156
156
307
128
932
416
112
640
383
784
834
455
323
719
490
545
819
953
793
505
748
898
126
724
327
351
430
819
792
591
726
112
460
297
935
609
485
170
263
680
768
881
925
438
403
236
793
863
696
133
271
395
591
243
438
764
515
905
639
527
285
998
414
496
759
808
317
874
436
618
738
165
370
988
455
307
610
241
863
550
1000
359
211
239
154
343
619
883
785
227
507
529
565
782
195
417
446
124
563
331
866
565
930
266
769
319
884
413
722
342
789
942
634
900
561
721
336
481
867
119
343
617
629
971
824
884
787
387
438
261
316
264
380
675
329
565
254
342
750
623
230
784
790
970
579
835
178
957
340
946
366
286
190
168
538
238
572
683
447
211
921
297
864
737
230
441
358
393
827
181
318
431
924
122
513
579
361
375
473
198
299
479
182
661
106
283
966
559
620
412
269
640
600
855
374
664
872
398
177
533
282
404
797
913
686
289
526
667
861
328
633
756
759
149
318
213
834
835
735
565
324
687
502
234
981
138
355
413
759
661
207
318
426
471
889
562
607
864
494
499
214
111
845
299
344
869
760
607
340
910
132
441
425
618
603
800
772
543
788
659
992
254
155
570
477
775
484
327
388
157
234
496
866
594
705
838
201
335
206
648
614
122
358
375
886
793
938
825
997
220
693
588
271
513
467
255
915
184
280
332
304
175
160
297
827
101
254
888
538
733
580
213
984
560
136
267
159
659
785
107
519
514
135
769
969
884
328
156
885
923
353
207
688
856
383
694
225
212
569
312
721
201
299
467
283
908
986
145
298
883
239
628
451
736
398
263
887
1000
992
111
552
274
890
243
601
816
962
250
808
900
494
663
697
154
865
477
255
358
793
819
584
937
173
509
593
607
756
922
133
752
592
728
967
993
645
421
534
582
789
786
715
491
183
783
801
927
340
152
447
737
499
933
128
516
738
371
731
377
728
578
464
789
535
637
804
631
208
481
452
716
318
965
103
324
644
296
519
597
931
303
376
714
946
435
694
847
621
647
279
453
730
348
851
981
561
150
467
362
540
439
698
902
262
759
655
970
155
608
128
567
169
171
515
696
856
870
314
899
427
997
593
927
471
998
502
479
185
768
322
831
877
576
356
822
466
680
167
929
925
710
320
184
231
585
140
425
476
929
714
787
358
328
463
439
532
868
884
612
304
324
458
283
878
661
439
856
878
536
523
262
228
750
541
941
121
518
798
865
722
680
248
816
849
766
440
914
736
816
846
253
175
464
773
763
492
492
727
439
866
518
384
568
828
487
806
878
450
227
631
143
735
926
523
128
315
224
881
236
276
953
440
542
177
740
493
409
485
860
531
155
679
602
630
810
716
853
230
385
416
978
203
515
679
208
327
726
278
487
324
483
737
722
300
537
994
309
384
225
224
962
647
644
193
263
520
112
708
260
759
411
360
646
228
339
531
205
750
443
494
497
569
573
736
505
224
372
341
270
543
629
762
109
822
550
192
423
173
737
492
960
392
333
820
913
132
231
504
813
784
926
742
305
424
618
813
655
788
220
804
686
235
310
708
887
367
826
971
188
478
113
146
659
534
327
545
888
150
251
320
528
205
281
220
200
264
488
638
858
948
542
857
565
831
172
787
621
458
803
902
523
929
937
398
110
542
336
459
588
939
913
124
634
717
916
907
390
267
606
691
348
688
189
446
111
355
940
694
804
118
538
849
492
302
894
471
466
768
576
701
605
462
850
594
950
774
131
216
992
886
895
983
330
933
601
155
364
348
613
904
384
855
736
726
518
673
377
325
540
330
852
587
316
638
785
881
533
415
734
979
893
505
381
420
426
937
851
687
495
745
197
918
810
599
471
991
440
569
928
908
925
807
516
833
806
613
557
457
920
768
577
870
797
436
601
666
751
256
822
872
483
802
306
281
546
570
883
189
353
945
588
569
321
483
210
644
904
429
119
145
678
305
552
140
703
764
474
889
790
856
163
145
202
335
411
585
114
174
780
162
376
826
639
938
436
683
465
515
963
191
406
554
804
600
721
338
153
600
437
556
878
927
271
727
511
743
548
794
711
636
805
440
460
468
104
922
677
397
816
318
602
679
508
224
991
715
439
195
478
162
316
406
326
821
808
678
422
170
956
720
725
354
197
137
463
674
827
438
704
472
786
296
761
862
138
949
664
766
926
444
179
125
500
939
682
892
415
669
368
446
719
351
947
290
845
725
928
531
985
292
126
923
507
465
699
784
123
937
769
800
575
458
1000
778
125
911
652
775
658
438
831
407
460
795
128
249
567
545
662
209
874
981
436
818
591
747
686
727
986
763
325
690
868
213
759
812
944
693
708
586
221
121
920
127
455
340
540
989
779
909
574
194
219
209
880
738
146
443
756
540
752
626
597
736
631
706
761
178
103
687
645
639
127
682
840
351
632
146
831
649
797
223
281
481
971
141
956
627
693
555
873
757
261
297
374
826
841
773
981
214
372
447
701
705
926
653
614
798
921
133
631
876
777
673
397
496
925
358
411
926
570
952
536
914
369
761
687
159
691
824
510
172
670
244
338
720
527
410
437
952
779
739
917
495
455
482
602
740
959
813
378
892
457
119
779
258
915
539
664
544
460
546
188
967
993
287
691
726
620
230
161
889
610
202
309
784
859
125
585
169
812
805
824
110
228
688
787
271
848
537
576
456
292
891
664
782
891
406
206
239
348
443
551
669
871
266
752
187
908
453
608
810
902
311
965
466
805
257
452
479
269
550
643
192
734
619
424
113
394
125
419
868
975
836
403
660
560
812
172
587
490
582
674
391
236
150
492
646
373
905
346
753
938
561
983
761
717
157
348
379
528
941
689
208
358
571
677
950
255
472
334
445
569
216
857
959
879
871
985
327
896
796
122
808
977
946
298
884
900
523
479
336
234
260
111
902
505
298
754
444
988
325
656
159
845
189
924
978
803
778
241
666
656
774
628
201
774
246
862
770
484
254
188
525
816
119
324
724
103
751
847
535
621
109
666
608
358
135
856
481
862
452
706
889
703
149
626
698
704
286
982
609
450
503
560
660
600
387
611
876
661
149
810
773
548
803
766
575
565
274
526
803
363
860
200
386
384
906
783
987
328
445
349
128
500
461
649
361
720
239
508
825
954
550
979
377
740
366
375
518
372
954
126
342
250
438
960
887
726
876
174
784
633
307
403
859
187
947
543
302
332
314
448
394
599
792
300
154
468
766
376
608
920
442
675
309
257
756
264
209
225
253
389
843
181
137
872
146
405
854
170
500
380
813
933
796
484
821
670
463
954
563
769
893
497
570
599
699
803
617
923
838
169
422
230
614
139
395
746
303
452
903
403
981
450
544
771
642
334
714
355
704
178
998
945
782
628
833
608
589
197
510
201
985
213
148
453
804
392
352
638
927
176
844
462
292
726
978
519
523
312
366
568
530
818
280
478
728
984
658
848
465
361
679
127
538
761
868
421
922
150
811
657
427
730
557
995
845
488
157
101
140
363
924
630
184
966
404
315
909
537
248
849
500
952
852
135
275
646
281
482
695
894
607
334
876
743
441
147
520
338
955
358
399
517
156
622
576
432
158
